1
FINAL CENTROIDS : [40]
61375
FINAL CLUSTERS : {40: [40, 0, 1, 2, 3, 4, 5, 6, 7, 8, 9, 10, 11, 12, 13, 14, 15, 16, 17, 18, 19, 20, 21, 22, 23, 24, 25, 26, 27, 28, 29, 30, 31, 32, 33, 34, 35, 36, 37, 38, 39, 41, 42, 43, 44, 45, 46, 47, 48, 49, 50, 51, 52, 53, 54, 55, 56, 57, 58, 59, 60, 61, 62, 63, 64, 65, 66, 67, 68, 69, 70, 71, 72, 73, 74, 75, 76, 77, 78, 79, 80, 81, 82, 83, 84, 85, 86, 87, 88, 89, 90, 91, 92, 93, 94, 95, 96, 97, 98, 99, 100, 101, 102, 103, 104, 105, 106, 107, 108, 109, 110, 111, 112, 113, 114, 115, 116, 117, 118, 119, 120, 121, 122, 123, 124, 125, 126, 127, 128, 129, 130, 131, 132, 133, 134, 135, 136, 137, 138, 139, 140, 141, 142, 143, 144, 145, 146, 147, 148, 149, 150, 151, 152, 153, 154, 155, 156, 157, 158, 159, 160, 161, 162, 163, 164, 165, 166, 167, 168, 169, 170, 171, 172, 173, 174, 175, 176, 177, 178, 179, 180, 181, 182, 183, 184, 185, 186, 187, 188, 189, 190, 191, 192, 193, 194, 195, 196, 197, 198, 199, 200, 201, 202, 203, 204, 205, 206, 207, 208, 209, 210, 211, 212, 213, 214, 215, 216, 217, 218, 219, 220, 221, 222, 223, 224, 225, 226, 227, 228, 229, 230, 231, 232, 233, 234, 235, 236, 237, 238, 239, 240, 241, 242, 243, 244, 245, 246, 247, 248, 249, 250, 251, 252, 253, 254, 255, 256, 257, 258, 259, 260, 261, 262, 263, 264, 265, 266, 267, 268, 269, 270, 271, 272, 273, 274, 275, 276, 277, 278, 279, 280, 281, 282, 283, 284, 285, 286, 287, 288, 289, 290, 291, 292, 293, 294, 295, 296, 297, 298, 299, 300, 301, 302, 303, 304, 305, 306, 307, 308, 309, 310]}
2
FINAL CENTROIDS : [154, 96]
53016
FINAL CLUSTERS : {154: [154, 0, 1, 2, 3, 4, 5, 6, 7, 9, 10, 13, 14, 21, 22, 23, 24, 27, 31, 33, 36, 37, 38, 39, 40, 41, 44, 45, 46, 48, 49, 50, 51, 53, 55, 56, 57, 58, 59, 60, 63, 64, 66, 67, 68, 69, 70, 73, 74, 76, 78, 80, 81, 82, 84, 85, 86, 87, 88, 89, 90, 91, 92, 95, 97, 99, 100, 102, 103, 104, 105, 106, 107, 109, 110, 113, 114, 115, 118, 119, 120, 121, 123, 124, 125, 127, 128, 129, 130, 131, 134, 136, 137, 140, 141, 142, 143, 144, 147, 149, 151, 152, 155, 157, 158, 159, 160, 162, 164, 165, 166, 167, 168, 169, 170, 172, 175, 176, 177, 178, 180, 181, 183, 185, 186, 187, 191, 193, 195, 197, 199, 200, 202, 203, 207, 208, 210, 211, 212, 213, 215, 216, 217, 220, 221, 225, 226, 227, 229, 231, 232, 233, 234, 237, 239, 242, 243, 247, 250, 251, 255, 256, 258, 259, 260, 262, 264, 265, 266, 269, 270, 272, 273, 274, 276, 277, 278, 279, 280, 281, 283, 285, 286, 288, 289, 290, 292, 294, 295, 296, 298, 299, 300, 301, 302, 304, 305, 308, 309, 310], 96: [96, 8, 11, 12, 15, 16, 17, 18, 19, 20, 25, 26, 28, 29, 30, 32, 34, 35, 42, 43, 47, 52, 54, 61, 62, 65, 71, 72, 75, 77, 79, 83, 93, 94, 98, 101, 108, 111, 112, 116, 117, 122, 126, 132, 133, 135, 138, 139, 145, 146, 148, 150, 153, 156, 161, 163, 171, 173, 174, 179, 182, 184, 188, 189, 190, 192, 194, 196, 198, 201, 204, 205, 206, 209, 214, 218, 219, 222, 223, 224, 228, 230, 235, 236, 238, 240, 241, 244, 245, 246, 248, 249, 252, 253, 254, 257, 261, 263, 267, 268, 271, 275, 282, 284, 287, 291, 293, 297, 303, 306, 307]}
4
FINAL CENTROIDS : [79, 69, 266, 263]
47990
FINAL CLUSTERS : {79: [79, 11, 12, 17, 18, 19, 20, 34, 35, 42, 47, 54, 62, 71, 75, 77, 94, 96, 98, 108, 112, 116, 126, 135, 139, 150, 161, 171, 173, 174, 184, 188, 189, 190, 194, 198, 201, 206, 228, 230, 236, 244, 246, 248, 253, 254, 267, 271, 275, 282, 287, 291, 293, 307], 69: [69, 0, 5, 10, 16, 22, 24, 25, 26, 29, 30, 33, 36, 37, 38, 43, 45, 49, 50, 51, 52, 59, 60, 65, 72, 78, 82, 84, 85, 89, 91, 95, 97, 99, 102, 104, 107, 111, 113, 114, 125, 128, 130, 132, 136, 141, 142, 145, 146, 147, 148, 149, 152, 155, 156, 169, 175, 176, 177, 179, 181, 182, 187, 195, 196, 197, 200, 203, 204, 205, 207, 209, 213, 216, 218, 221, 231, 235, 237, 241, 242, 245, 247, 249, 250, 251, 252, 255, 261, 262, 265, 268, 273, 276, 279, 286, 289, 292, 295, 296, 299, 301, 302, 306, 309], 266: [266, 1, 2, 3, 4, 6, 7, 9, 13, 14, 21, 23, 27, 31, 39, 40, 41, 44, 46, 48, 53, 55, 56, 57, 58, 63, 64, 66, 67, 68, 70, 73, 74, 76, 80, 81, 86, 87, 88, 90, 92, 100, 103, 105, 106, 109, 110, 115, 118, 119, 120, 121, 123, 124, 127, 129, 131, 134, 137, 140, 143, 144, 151, 154, 157, 158, 159, 160, 162, 164, 165, 166, 167, 168, 170, 172, 178, 180, 183, 185, 186, 191, 193, 199, 202, 208, 210, 211, 212, 215, 217, 220, 225, 226, 227, 229, 232, 233, 234, 239, 243, 256, 258, 259, 260, 264, 269, 270, 272, 274, 277, 278, 280, 281, 283, 285, 288, 290, 294, 298, 300, 304, 305, 308, 310], 263: [263, 8, 15, 28, 32, 61, 83, 93, 101, 117, 122, 133, 138, 153, 163, 192, 214, 219, 222, 223, 224, 238, 240, 257, 284, 297, 303]}
8
FINAL CENTROIDS : [97, 119, 237, 260, 161, 121, 81, 61]
45097
FINAL CLUSTERS : {97: [97, 5, 22, 33, 36, 45, 50, 51, 59, 69, 89, 91, 95, 99, 102, 107, 113, 128, 130, 142, 147, 149, 152, 169, 177, 181, 195, 197, 203, 207, 213, 216, 247, 250, 251, 255, 273, 276, 286, 289, 292, 302, 309], 119: [119, 0, 10, 14, 24, 37, 48, 60, 82, 87, 104, 115, 118, 120, 131, 136, 176, 231, 242, 265, 277, 294, 298, 299, 301], 237: [237, 16, 18, 25, 26, 29, 30, 38, 43, 49, 52, 65, 72, 78, 84, 96, 111, 114, 116, 125, 126, 132, 141, 145, 146, 148, 155, 156, 175, 179, 182, 187, 190, 196, 200, 204, 205, 209, 218, 221, 235, 236, 241, 245, 249, 252, 253, 261, 262, 268, 275, 295, 296, 306], 260: [260, 3, 9, 23, 27, 39, 44, 46, 56, 63, 73, 74, 88, 100, 106, 110, 134, 140, 143, 160, 162, 165, 166, 168, 183, 191, 193, 208, 210, 212, 217, 232, 234, 239, 243, 256, 258, 266, 269, 272, 280, 283, 304, 308], 161: [161, 11, 12, 17, 19, 20, 34, 35, 42, 47, 54, 62, 71, 75, 77, 79, 94, 98, 108, 112, 135, 139, 150, 171, 173, 174, 184, 188, 189, 192, 194, 198, 201, 206, 222, 223, 224, 228, 230, 238, 244, 246, 248, 254, 263, 267, 271, 282, 287, 291, 293, 297, 303, 307], 121: [121, 6, 7, 31, 53, 55, 58, 64, 66, 67, 70, 76, 86, 92, 105, 123, 124, 127, 144, 154, 157, 159, 167, 170, 178, 180, 185, 186, 202, 225, 226, 233, 264, 278, 281, 285, 290, 305, 310], 81: [81, 1, 2, 4, 13, 21, 40, 41, 57, 68, 80, 85, 90, 103, 109, 129, 137, 151, 158, 164, 172, 199, 211, 215, 220, 227, 229, 259, 270, 274, 279, 288, 300], 61: [61, 8, 15, 28, 32, 83, 93, 101, 117, 122, 133, 138, 153, 163, 214, 219, 240, 257, 284]}
16
FINAL CENTROIDS : [263, 179, 235, 232, 88, 82, 97, 139, 104, 144, 102, 49, 240, 1, 167, 79]
42255
FINAL CLUSTERS : {263: [263, 8, 15, 61, 83, 101, 117, 133, 163, 192, 214, 219, 223, 284, 297, 303], 179: [179, 52, 65, 148, 190, 204, 205, 218, 241, 252, 306], 235: [235, 12, 18, 25, 29, 34, 96, 116, 126, 146, 156, 171, 173, 196, 209, 236, 245, 248, 249, 253, 261, 268, 271, 275], 232: [232, 39, 46, 212, 239, 243, 256, 258, 272, 308], 88: [88, 3, 9, 23, 27, 44, 56, 63, 73, 74, 100, 110, 134, 140, 143, 160, 162, 165, 166, 168, 183, 191, 193, 208, 210, 217, 234, 260, 266, 269, 280, 283, 304], 82: [82, 0, 10, 24, 37, 48, 50, 69, 89, 113, 115, 118, 128, 136, 149, 152, 176, 207, 242, 251, 265, 277, 309], 97: [97, 45, 51, 59, 95, 130, 142, 147, 177, 181, 195, 247, 255, 276, 302], 139: [139, 11, 20, 42, 71, 75, 94, 98, 135, 174, 184, 198, 222, 224, 228, 230, 238, 246, 254, 267, 282, 291, 293], 104: [104, 22, 36, 99, 169, 203, 213, 273, 292], 144: [144, 53, 58, 64, 67, 86, 106, 121, 157, 180, 186, 233, 281, 290], 102: [102, 5, 33, 38, 72, 78, 84, 91, 107, 114, 125, 141, 175, 197, 200, 216, 221, 237, 250, 286, 289, 295], 49: [49, 16, 26, 30, 43, 111, 132, 145, 155, 182, 187, 262, 296], 240: [240, 28, 32, 93, 122, 138, 153, 257], 1: [1, 2, 4, 13, 14, 21, 40, 41, 57, 60, 68, 70, 80, 81, 85, 87, 90, 109, 119, 120, 129, 131, 137, 151, 158, 164, 172, 199, 215, 220, 227, 229, 231, 259, 270, 274, 279, 288, 294, 298, 299, 300, 301], 167: [167, 6, 7, 31, 55, 66, 76, 92, 103, 105, 123, 124, 127, 154, 159, 170, 178, 185, 202, 211, 225, 226, 264, 278, 285, 305, 310], 79: [79, 17, 19, 35, 47, 54, 62, 77, 108, 112, 150, 161, 188, 189, 194, 201, 206, 244, 287, 307]}
32
FINAL CENTROIDS : [110, 196, 97, 112, 155, 3, 143, 72, 191, 81, 154, 204, 75, 247, 168, 102, 217, 240, 34, 82, 207, 86, 130, 91, 123, 252, 119, 121, 133, 208, 199, 232]
40124
FINAL CLUSTERS : {110: [110, 53, 64, 67, 106, 124, 165, 202, 210], 196: [196, 18, 25, 52, 96, 116, 126, 146, 156, 190, 205, 209, 236, 245, 253], 97: [97, 22, 45, 51, 59, 69, 142, 147, 177, 181, 255, 276, 292, 302], 112: [112, 11, 20, 42, 71, 77, 98, 108, 139, 150, 189, 198, 201, 206, 228, 230, 282, 287], 155: [155, 26, 30, 49, 145, 182, 237, 296], 3: [3, 56, 63, 74, 162, 166, 183, 193, 260, 280], 143: [143, 7, 27, 55, 304], 72: [72, 16, 111, 200, 306], 191: [191, 9, 88, 100, 160, 212, 234], 81: [81, 1, 4, 13, 21, 41, 68, 90, 103, 109, 129, 151, 164, 172, 211, 220, 229, 270, 274, 279, 288, 300], 154: [154, 6, 31, 66, 92, 167, 178, 185, 186, 264, 278, 285], 204: [204, 29, 65, 148, 235, 249, 261], 75: [75, 94, 117, 135, 174, 184, 192, 222, 223, 224, 238, 246, 254, 267, 291, 293, 297], 247: [247, 107, 125, 221], 168: [168, 44, 134, 144, 266], 102: [102, 5, 33, 38, 78, 216, 286, 289], 217: [217, 73, 283], 240: [240, 28, 32, 93, 122, 138, 153, 257], 34: [34, 12, 17, 19, 35, 47, 54, 62, 79, 161, 171, 173, 188, 194, 244, 248, 271, 275, 307], 82: [82, 0, 10, 24, 37, 48, 85, 89, 99, 104, 136, 137, 149, 242, 265, 273, 309], 207: [207, 36, 113, 128, 152, 213, 251], 86: [86, 58, 76, 127, 159, 233], 130: [130, 50, 95, 169, 195, 197, 203, 250], 91: [91, 43, 84, 114, 141, 175, 187, 262, 295], 123: [123, 70, 170, 225], 252: [252, 132, 179, 218, 241, 268], 119: [119, 14, 60, 87, 115, 118, 120, 131, 176, 277, 299, 301], 121: [121, 105, 157, 226, 290, 305, 310], 133: [133, 8, 15, 61, 83, 101, 163, 214, 219, 263, 284, 303], 208: [208, 23, 140, 180, 269, 281], 199: [199, 2, 40, 57, 80, 158, 215, 227, 231, 259, 294, 298], 232: [232, 39, 46, 239, 243, 256, 258, 272, 308]}
64
FINAL CENTROIDS : [220, 287, 290, 32, 161, 71, 86, 199, 255, 223, 44, 229, 250, 201, 237, 247, 291, 56, 17, 196, 55, 157, 24, 186, 232, 175, 182, 87, 93, 245, 293, 205, 228, 138, 119, 43, 270, 171, 98, 3, 151, 9, 11, 235, 5, 163, 162, 46, 34, 263, 266, 31, 58, 213, 101, 92, 261, 156, 81, 130, 66, 105, 176, 165]
33715
FINAL CLUSTERS : {220: [220, 0, 57, 68, 90, 109, 131, 259, 294], 287: [287, 35, 77, 108, 112, 150, 189], 290: [290, 124, 185], 32: [32, 122], 161: [161, 206, 244], 71: [71, 184, 246], 86: [86, 180, 233], 199: [199, 80, 158, 215, 227, 298], 255: [255, 91, 276], 223: [223, 117, 297], 44: [44, 64, 73, 144, 168], 229: [229, 21, 40], 250: [250, 22, 195, 197, 289, 302], 201: [201], 237: [237, 16, 49, 114, 155, 252, 296, 306], 247: [247, 84, 107, 125, 177, 221], 291: [291, 135, 174, 192, 238], 56: [56, 140, 166, 210, 234], 17: [17, 19], 196: [196, 116, 126, 148, 253], 55: [55, 7, 123, 127, 167, 281], 157: [157, 121, 159, 202, 264, 305], 24: [24, 36, 82, 99, 128, 136, 231, 242, 251, 265, 279, 309], 186: [186, 70, 103, 285], 232: [232, 39, 239, 243, 308], 175: [175, 26, 65, 72, 78, 132, 141, 200, 262], 182: [182, 29, 30, 111], 87: [87, 10, 137, 203], 93: [93, 28, 153], 245: [245], 293: [293, 222, 224], 205: [205, 146, 190, 209, 236, 271], 228: [228, 20, 75, 94, 254, 267], 138: [138, 240], 119: [119, 60, 115, 118, 120, 277, 299, 301], 43: [43, 145, 179, 204, 218], 270: [270, 37, 48, 85, 89, 152, 207, 300], 171: [171, 47, 54, 62, 79, 96, 188, 248], 98: [98, 42, 139, 198, 230, 282], 3: [3, 74, 183, 193, 217, 280], 151: [151, 1, 2, 14], 9: [9, 63, 100, 191, 283], 11: [11], 235: [235, 18, 25, 241, 249, 268], 5: [5, 38, 147, 187, 216, 295], 163: [163, 219, 257], 162: [162, 88, 134, 160], 46: [46, 212, 256, 258, 260, 272], 34: [34, 12, 173, 194, 307], 263: [263, 15, 133, 214, 303], 266: [266, 23, 27, 106, 143, 269, 304], 31: [31, 76, 170, 178, 288], 58: [58, 225, 226], 213: [213, 50, 51, 59, 95, 142, 169, 181, 286], 101: [101, 8, 61, 83, 284], 92: [92, 4, 6, 164, 211], 261: [261], 156: [156, 52, 275], 81: [81, 13, 41, 129, 172, 274], 130: [130, 33, 69, 97, 102], 66: [66, 310], 105: [105, 278], 176: [176, 45, 104, 113, 149, 273, 292], 165: [165, 53, 67, 110, 154, 208]}
128
FINAL CENTROIDS : [63, 33, 28, 90, 9, 167, 121, 92, 42, 36, 187, 65, 18, 250, 142, 174, 247, 310, 56, 165, 289, 203, 97, 95, 21, 5, 186, 15, 133, 32, 38, 117, 243, 177, 89, 253, 4, 111, 16, 62, 189, 88, 242, 226, 131, 84, 10, 60, 93, 85, 138, 134, 223, 143, 248, 50, 238, 12, 288, 235, 305, 44, 270, 230, 185, 271, 119, 102, 218, 78, 45, 188, 265, 115, 98, 199, 59, 31, 148, 6, 17, 145, 206, 94, 52, 3, 307, 54, 297, 48, 287, 14, 105, 91, 30, 192, 109, 49, 47, 220, 249, 201, 164, 222, 128, 191, 217, 112, 19, 100, 20, 61, 43, 57, 214, 161, 76, 114, 232, 8, 175, 37, 130, 252, 137, 69, 160, 125]
23922
FINAL CLUSTERS : {63: [63, 73, 193, 208, 210], 33: [33], 28: [28], 90: [90], 9: [9, 183, 258, 260], 167: [167, 55, 123, 124, 127, 159, 202, 225], 121: [121, 86, 157, 264], 92: [92, 81, 151, 211], 42: [42, 71], 36: [36, 51, 104, 149], 187: [187], 65: [65, 132, 179, 241, 268, 306], 18: [18, 146, 190], 250: [250, 22, 197], 142: [142, 181], 174: [174, 135, 267, 291], 247: [247, 107, 221], 310: [310], 56: [56, 140, 166, 234], 165: [165, 23, 53, 58, 67, 154, 180, 233, 266, 281], 289: [289], 203: [203, 251], 97: [97, 113, 255], 95: [95], 21: [21, 2, 13, 41, 70, 158, 294], 5: [5, 216, 295], 186: [186, 285], 15: [15, 83], 133: [133], 32: [32, 122], 38: [38], 117: [117, 303], 243: [243, 46, 256, 272, 308], 177: [177, 147, 237, 276], 89: [89, 273, 292], 253: [253, 79, 173], 4: [4, 40], 111: [111], 16: [16, 29, 204], 62: [62], 189: [189], 88: [88, 162], 242: [242, 82, 207], 226: [226, 290], 131: [131], 84: [84], 10: [10, 176, 231], 60: [60, 99, 213], 93: [93, 153], 85: [85, 299, 301], 138: [138, 219, 240, 257], 134: [134, 27, 269], 223: [223, 263], 143: [143, 7, 106, 110, 304], 248: [248, 194, 244], 50: [50, 169], 238: [238], 12: [12, 34], 288: [288, 1, 80, 103, 227, 277], 235: [235, 25, 209, 245, 261], 305: [305], 44: [44, 64, 144, 168], 270: [270, 279], 230: [230, 75, 184, 282], 185: [185], 271: [271], 119: [119, 118, 120], 102: [102], 218: [218], 78: [78], 45: [45], 188: [188], 265: [265, 0, 24], 115: [115], 98: [98, 139, 198], 199: [199, 215, 298], 59: [59, 286], 31: [31, 66, 170, 178], 148: [148, 196, 236], 6: [6], 17: [17], 145: [145], 206: [206], 94: [94, 224], 52: [52, 96, 116, 171], 3: [3, 74, 280], 307: [307], 54: [54, 35, 150], 297: [297], 48: [48], 287: [287, 77, 108], 14: [14], 105: [105, 278], 91: [91, 141], 30: [30, 182], 192: [192], 109: [109, 172], 49: [49], 47: [47], 220: [220, 68, 229, 259], 249: [249, 126, 156, 205, 275], 201: [201], 164: [164], 222: [222, 293], 128: [128], 191: [191], 217: [217, 283], 112: [112, 11, 228], 19: [19], 100: [100, 212], 20: [20, 246, 254], 61: [61, 284], 43: [43], 57: [57, 300], 214: [214], 161: [161], 76: [76, 129], 114: [114, 296], 232: [232, 39, 239], 8: [8, 101, 163], 175: [175, 26, 72, 155, 200, 262], 37: [37, 136, 152, 309], 130: [130], 252: [252], 137: [137, 87, 274], 69: [69, 195, 302], 160: [160], 125: [125]}
256
FINAL CENTROIDS : [192, 208, 85, 310, 53, 307, 165, 80, 297, 249, 28, 258, 217, 308, 128, 40, 213, 244, 115, 254, 300, 113, 236, 269, 155, 210, 299, 166, 36, 2, 34, 0, 172, 76, 188, 222, 177, 304, 10, 245, 46, 151, 58, 66, 41, 16, 278, 220, 150, 243, 179, 68, 257, 97, 262, 84, 141, 83, 195, 88, 24, 309, 302, 11, 185, 140, 87, 285, 45, 43, 47, 275, 12, 232, 19, 33, 74, 144, 212, 153, 139, 231, 69, 49, 290, 121, 286, 199, 135, 238, 107, 5, 93, 171, 301, 62, 176, 3, 42, 240, 109, 21, 6, 123, 211, 148, 159, 100, 77, 124, 23, 227, 70, 204, 138, 32, 54, 132, 267, 296, 251, 200, 26, 50, 198, 162, 22, 183, 57, 27, 276, 94, 63, 1, 274, 158, 89, 106, 15, 157, 61, 35, 65, 226, 98, 266, 145, 37, 59, 163, 116, 110, 261, 282, 118, 130, 78, 272, 241, 75, 9, 247, 7, 72, 229, 205, 218, 96, 164, 125, 142, 306, 117, 271, 207, 149, 108, 190, 147, 18, 189, 122, 265, 129, 133, 79, 256, 197, 225, 167, 184, 29, 246, 119, 277, 38, 17, 160, 143, 156, 134, 71, 31, 242, 284, 30, 127, 214, 186, 52, 280, 202, 13, 230, 131, 105, 248, 181, 235, 294, 255, 287, 104, 268, 170, 173, 56, 193, 48, 203, 206, 201, 90, 91, 281, 112, 8, 253, 136, 44, 146, 99, 14, 95, 303, 289, 223, 291, 4, 103, 82, 264, 169, 73, 55, 20]
6801
FINAL CLUSTERS : {192: [192, 263], 208: [208], 85: [85, 137], 310: [310], 53: [53], 307: [307], 165: [165, 67, 154], 80: [80], 297: [297], 249: [249], 28: [28], 258: [258], 217: [217, 283], 308: [308], 128: [128], 40: [40], 213: [213], 244: [244], 115: [115], 254: [254], 300: [300], 113: [113], 236: [236], 269: [269], 155: [155, 182], 210: [210], 299: [299], 166: [166], 36: [36, 51], 2: [2, 298], 34: [34, 194], 0: [0, 279], 172: [172], 76: [76], 188: [188], 222: [222], 177: [177, 237], 304: [304], 10: [10], 245: [245], 46: [46, 260], 151: [151, 215], 58: [58, 86], 66: [66], 41: [41, 81], 16: [16, 111], 278: [278], 220: [220, 259], 150: [150], 243: [243], 179: [179], 68: [68], 257: [257], 97: [97], 262: [262], 84: [84, 114], 141: [141], 83: [83], 195: [195, 250], 88: [88], 24: [24], 309: [309], 302: [302], 11: [11], 185: [185], 140: [140], 87: [87], 285: [285], 45: [45], 43: [43], 47: [47], 275: [275], 12: [12], 232: [232, 39, 239], 19: [19], 33: [33, 102], 74: [74], 144: [144, 233], 212: [212], 153: [153], 139: [139], 231: [231], 69: [69], 49: [49, 187], 290: [290], 121: [121], 286: [286], 199: [199], 135: [135, 224], 238: [238], 107: [107], 5: [5, 216, 221], 93: [93], 171: [171], 301: [301], 62: [62], 176: [176, 273], 3: [3], 42: [42], 240: [240], 109: [109], 21: [21], 6: [6, 92, 288], 123: [123], 211: [211], 148: [148, 196], 159: [159], 100: [100], 77: [77], 124: [124], 23: [23], 227: [227], 70: [70], 204: [204], 138: [138], 32: [32], 54: [54], 132: [132, 25, 252], 267: [267], 296: [296], 251: [251], 200: [200], 26: [26], 50: [50], 198: [198], 162: [162], 22: [22], 183: [183], 57: [57], 27: [27], 276: [276], 94: [94], 63: [63], 1: [1], 274: [274], 158: [158], 89: [89, 292], 106: [106, 180], 15: [15], 157: [157], 61: [61], 35: [35, 161], 65: [65], 226: [226], 98: [98], 266: [266], 145: [145], 37: [37, 152], 59: [59], 163: [163, 219], 116: [116, 126], 110: [110], 261: [261], 282: [282], 118: [118], 130: [130], 78: [78], 272: [272], 241: [241], 75: [75], 9: [9, 191], 247: [247], 7: [7], 72: [72], 229: [229], 205: [205, 209], 218: [218], 96: [96], 164: [164], 125: [125, 175], 142: [142], 306: [306], 117: [117], 271: [271], 207: [207], 149: [149], 108: [108], 190: [190], 147: [147, 295], 18: [18], 189: [189], 122: [122], 265: [265], 129: [129], 133: [133], 79: [79], 256: [256], 197: [197], 225: [225], 167: [167], 184: [184, 293], 29: [29], 246: [246], 119: [119, 120], 277: [277], 38: [38], 17: [17], 160: [160], 143: [143], 156: [156], 134: [134], 71: [71], 31: [31, 178], 242: [242], 284: [284], 30: [30], 127: [127, 305], 214: [214], 186: [186], 52: [52], 280: [280], 202: [202], 13: [13], 230: [230], 131: [131, 60, 270], 105: [105], 248: [248], 181: [181], 235: [235], 294: [294], 255: [255], 287: [287], 104: [104], 268: [268], 170: [170], 173: [173], 56: [56, 234], 193: [193], 48: [48], 203: [203], 206: [206], 201: [201], 90: [90], 91: [91], 281: [281], 112: [112, 228], 8: [8, 101], 253: [253], 136: [136], 44: [44, 64, 168], 146: [146], 99: [99], 14: [14], 95: [95], 303: [303], 289: [289], 223: [223], 291: [291], 4: [4], 103: [103], 82: [82], 264: [264], 169: [169], 73: [73], 55: [55], 20: [20, 174]}