1
FINAL CENTROIDS : [40]
2
FINAL CENTROIDS : [150, 305]
4
FINAL CENTROIDS : [63, 228, 237, 227]
8
FINAL CENTROIDS : [263, 1, 240, 209, 139, 88, 97, 237]
16
FINAL CENTROIDS : [102, 156, 46, 263, 148, 119, 182, 123, 202, 175, 66, 150, 73, 249, 69, 36]
32
FINAL CENTROIDS : [72, 268, 46, 125, 37, 207, 300, 119, 232, 296, 197, 93, 29, 266, 231, 31, 293, 166, 240, 162, 25, 287, 80, 98, 48, 34, 167, 38, 215, 285, 106, 101]
64
FINAL CENTROIDS : [30, 157, 203, 93, 59, 15, 180, 264, 24, 119, 194, 255, 156, 188, 257, 292, 268, 137, 63, 158, 245, 76, 46, 165, 74, 107, 98, 175, 71, 10, 25, 167, 57, 230, 184, 31, 159, 179, 177, 13, 37, 91, 221, 50, 23, 29, 86, 253, 228, 252, 90, 60, 1, 222, 207, 68, 229, 136, 115, 16, 80, 244, 5, 170]
128
FINAL CENTROIDS : [56, 74, 140, 217, 77, 129, 91, 54, 123, 63, 220, 16, 1, 82, 175, 182, 110, 173, 46, 134, 161, 88, 248, 5, 139, 92, 114, 290, 271, 87, 236, 230, 205, 7, 151, 24, 71, 265, 13, 266, 105, 149, 187, 41, 118, 90, 97, 302, 128, 148, 272, 232, 104, 33, 93, 12, 127, 208, 202, 170, 9, 158, 101, 212, 17, 59, 89, 186, 276, 37, 197, 28, 223, 221, 69, 174, 135, 132, 23, 42, 11, 165, 112, 133, 44, 3, 119, 192, 29, 214, 27, 243, 121, 62, 50, 85, 304, 40, 144, 289, 21, 249, 115, 86, 34, 2, 10, 111, 160, 15, 52, 78, 58, 235, 277, 203, 295, 281, 18, 73, 201, 138, 222, 60, 22, 179, 32, 36]
256
FINAL CENTROIDS : [80, 275, 195, 307, 89, 201, 169, 43, 82, 225, 220, 154, 93, 239, 8, 215, 230, 109, 26, 117, 69, 199, 88, 57, 269, 138, 296, 299, 59, 277, 9, 81, 38, 2, 34, 115, 212, 61, 104, 292, 234, 210, 83, 121, 28, 187, 27, 156, 286, 97, 245, 120, 191, 146, 4, 174, 178, 111, 232, 197, 20, 266, 75, 297, 222, 17, 283, 32, 0, 1, 130, 33, 96, 184, 86, 105, 182, 3, 183, 217, 246, 284, 110, 65, 218, 58, 125, 113, 139, 70, 255, 173, 168, 205, 55, 47, 74, 134, 177, 160, 260, 242, 259, 56, 127, 132, 126, 145, 87, 150, 128, 98, 122, 293, 37, 22, 254, 52, 79, 108, 170, 229, 30, 151, 310, 290, 179, 67, 262, 304, 243, 247, 73, 63, 18, 233, 176, 162, 273, 223, 253, 94, 272, 227, 294, 21, 78, 44, 102, 161, 53, 5, 24, 36, 64, 62, 10, 123, 309, 258, 50, 143, 235, 276, 207, 100, 155, 305, 133, 228, 181, 186, 118, 136, 25, 180, 285, 236, 71, 112, 29, 84, 60, 163, 140, 248, 189, 167, 68, 252, 15, 103, 77, 42, 300, 198, 40, 16, 41, 92, 142, 231, 11, 256, 280, 72, 114, 241, 107, 204, 137, 35, 149, 85, 211, 291, 238, 185, 90, 282, 45, 202, 119, 251, 95, 76, 116, 192, 6, 12, 203, 51, 153, 144, 131, 49, 164, 196, 301, 175, 147, 129, 13, 7, 279, 193, 46, 214, 221, 158, 39, 31, 91, 48, 135, 14]
